20120
21586
19436
31347
2360
32058
21377
6715
31501
17209
19700
10887
24691
3291
32611
10421
37664
6964
19738
7720
26040
7002
2434
33885
1445
29985
27963
34654
24496
20015
14471
25237
36179
30745
2962
38499
502
14448
24200
2337
16882
3059
20096
17435
19966
7659
9442
30743
8339
7849
36342
29328
27087
19744
38602
8117
38575
14968
31626
1706
30302
21231
11772
2201
24886
3928
17494
22056
15607
7327
4071
15890
31277
29616
3841
1484
21846
14274
17792
20472
39504
17162
309
32654
38129
16066
25978
9813
39596
23819
38139
522
19465
3717
23233
13314
32575
25882
32081
35985
